usando k=5
if final_grade <= 9: new_line += "1"
elif final_grade <= 11: new_line += "2"
elif final_grade <= 13: new_line += "3"
elif final_grade <= 15: new_line += "4"
elif final_grade <= 20: new_line += "5"

python grade_classifier.py numeric_math_students_data.csv numeric_math_students_data.csv
44.5569620253
[0, 29]
44.5569620253
[0, 29]
52.1518987342
[2, 29]
52.1518987342
[2, 29]
52.1518987342
[2, 29]
52.1518987342
[2, 29]
52.1518987342
[2, 29]
52.1518987342
[2, 29]
52.1518987342
[2, 29]
52.1518987342
[2, 29]
52.1518987342
[2, 29]
52.1518987342
[2, 29]
52.1518987342
[2, 29]
52.1518987342
[2, 29]
52.1518987342
[2, 29]
52.1518987342
[2, 29]
52.1518987342
[2, 29]
52.1518987342
[2, 29]
52.1518987342
[2, 29]
52.1518987342
[2, 29]
52.1518987342
[2, 29]
52.1518987342
[2, 29]
52.1518987342
[2, 29]
52.1518987342
[2, 29]
52.1518987342
[2, 29]
52.1518987342
[2, 29]
52.1518987342
[2, 29]
52.1518987342
[2, 29]
52.1518987342
[2, 29]
52.1518987342
[2, 29]
52.1518987342
[2, 29]


--------------------------------------------------------------------------------

usando k=4
if final_grade <= 9: new_line += "1"
elif final_grade <= 13: new_line += "2"
elif final_grade <= 17: new_line += "3"
elif final_grade <= 20: new_line += "4"

python grade_classifier.py numeric_math_students_data.csv numeric_math_students_data.csv
53.417721519
[0, 29]
53.417721519
[0, 29]
58.9873417722
[2, 29]
58.9873417722
[2, 29]
58.9873417722
[2, 29]
58.9873417722
[2, 29]
60.253164557
[6, 29]
60.253164557
[6, 29]
60.253164557
[6, 29]
60.253164557
[6, 29]
60.253164557
[6, 29]
60.253164557
[6, 29]
60.253164557
[6, 29]
60.253164557
[6, 29]
60.253164557
[6, 29]
60.253164557
[6, 29]
60.253164557
[6, 29]
60.253164557
[6, 29]
60.253164557
[6, 29]
60.253164557
[6, 29]
60.253164557
[6, 29]
60.253164557
[6, 29]
60.253164557
[6, 29]
60.253164557
[6, 29]
60.253164557
[6, 29]
60.253164557
[6, 29]
60.253164557
[6, 29]
60.253164557
[6, 29]
60.253164557
[6, 29]
60.253164557
[6, 29]
60.253164557
[6, 29]


--------------------------------------------------------------------------------

usando k=3
if final_grade <= 9: new_line += "1"
elif final_grade <= 15: new_line += "2"
elif final_grade <= 20: new_line += "3"

python grade_classifier.py numeric_math_students_data.csv numeric_math_students_data.csv
63.0379746835
[0, 14]
63.0379746835
[0, 14]
69.1139240506
[2, 29]
69.1139240506
[2, 29]
69.1139240506
[2, 29]
69.1139240506
[2, 29]
69.1139240506
[2, 29]
69.1139240506
[2, 29]
69.1139240506
[2, 29]
69.1139240506
[2, 29]
69.1139240506
[2, 29]
69.1139240506
[2, 29]
69.1139240506
[2, 29]
69.1139240506
[2, 29]
69.1139240506
[2, 29]
69.1139240506
[2, 29]
69.1139240506
[2, 29]
69.1139240506
[2, 29]
69.1139240506
[2, 29]
69.1139240506
[2, 29]
69.1139240506
[2, 29]
69.1139240506
[2, 29]
69.1139240506
[2, 29]
69.1139240506
[2, 29]
69.1139240506
[2, 29]
69.1139240506
[2, 29]
69.1139240506
[2, 29]
69.1139240506
[2, 29]
69.1139240506
[2, 29]
69.1139240506
[2, 29]
69.1139240506
[2, 29]

--------------------------------------------------------------------------------

usando k=2
if final_grade <= 9: new_line += "1"
elif final_grade <= 20: new_line += "2"

python grade_classifier.py numeric_math_students_data.csv numeric_math_students_data.csv
73.164556962
[0, 14]
73.164556962
[0, 14]
76.4556962025
[2, 29]
76.4556962025
[2, 29]
76.4556962025
[2, 29]
76.4556962025
[2, 29]
76.4556962025
[2, 29]
76.4556962025
[2, 29]
76.4556962025
[2, 29]
76.4556962025
[2, 29]
76.4556962025
[2, 29]
76.4556962025
[2, 29]
76.4556962025
[2, 29]
76.4556962025
[2, 29]
78.2278481013
[14, 29]
78.2278481013
[14, 29]
78.2278481013
[14, 29]
78.2278481013
[14, 29]
78.2278481013
[14, 29]
78.2278481013
[14, 29]
78.2278481013
[14, 29]
78.2278481013
[14, 29]
78.2278481013
[14, 29]
78.2278481013
[14, 29]
78.2278481013
[14, 29]
78.2278481013
[14, 29]
78.2278481013
[14, 29]
78.2278481013
[14, 29]
78.2278481013
[14, 29]
78.2278481013
[14, 29]
78.2278481013
[14, 29]
