usando k=5
if final_grade <= 9: new_line += "1"
elif final_grade <= 11: new_line += "2"
elif final_grade <= 13: new_line += "3"
elif final_grade <= 15: new_line += "4"
elif final_grade <= 20: new_line += "5"

python grade_classifier.py numeric_math_students_data.csv numeric_math_students_data.csv
53.9240506329
[0, 8, 29]
57.4683544304
[1, 27, 29]
66.3291139241
[2, 25, 29]
66.3291139241
[2, 25, 29]
66.3291139241
[2, 25, 29]
66.3291139241
[2, 25, 29]
66.3291139241
[2, 25, 29]
66.3291139241
[2, 25, 29]
67.0886075949
[8, 27, 29]
67.0886075949
[8, 27, 29]
67.0886075949
[8, 27, 29]
67.0886075949
[8, 27, 29]
67.0886075949
[8, 27, 29]
67.0886075949
[8, 27, 29]
67.0886075949
[8, 27, 29]
67.0886075949
[8, 27, 29]
67.0886075949
[8, 27, 29]
67.0886075949
[8, 27, 29]
67.0886075949
[8, 27, 29]
67.0886075949
[8, 27, 29]
67.0886075949
[8, 27, 29]
67.0886075949
[8, 27, 29]
67.0886075949
[8, 27, 29]
67.0886075949
[8, 27, 29]
67.0886075949
[8, 27, 29]
67.0886075949
[8, 27, 29]
67.0886075949
[8, 27, 29]
67.0886075949
[8, 27, 29]
67.0886075949
[8, 27, 29]
67.0886075949
[8, 27, 29]
67.0886075949
[8, 27, 29]


--------------------------------------------------------------------------------

usando k=4
if final_grade <= 9: new_line += "1"
elif final_grade <= 13: new_line += "2"
elif final_grade <= 17: new_line += "3"
elif final_grade <= 20: new_line += "4"

python grade_classifier.py numeric_math_students_data.csv numeric_math_students_data.csv
61.7721518987
[0, 6, 29]
65.0632911392
[1, 6, 29]
73.9240506329
[2, 25, 29]
73.9240506329
[2, 25, 29]
73.9240506329
[2, 25, 29]
73.9240506329
[2, 25, 29]
73.9240506329
[2, 25, 29]
73.9240506329
[2, 25, 29]
73.9240506329
[2, 25, 29]
73.9240506329
[2, 25, 29]
73.9240506329
[2, 25, 29]
73.9240506329
[2, 25, 29]
73.9240506329
[2, 25, 29]
73.9240506329
[2, 25, 29]
73.9240506329
[2, 25, 29]
73.9240506329
[2, 25, 29]
73.9240506329
[2, 25, 29]
73.9240506329
[2, 25, 29]
73.9240506329
[2, 25, 29]
73.9240506329
[2, 25, 29]
73.9240506329
[2, 25, 29]
73.9240506329
[2, 25, 29]
73.9240506329
[2, 25, 29]
73.9240506329
[2, 25, 29]
73.9240506329
[2, 25, 29]
73.9240506329
[2, 25, 29]
73.9240506329
[2, 25, 29]
73.9240506329
[2, 25, 29]
73.9240506329
[2, 25, 29]
73.9240506329
[2, 25, 29]
73.9240506329
[2, 25, 29]


--------------------------------------------------------------------------------

usando k=3
if final_grade <= 9: new_line += "1"
elif final_grade <= 15: new_line += "2"
elif final_grade <= 20: new_line += "3"

python grade_classifier.py numeric_math_students_data.csv numeric_math_students_data.csv
70.8860759494
[0, 2, 29]
71.6455696203
[1, 10, 29]
80.0
[2, 25, 29]
80.0
[2, 25, 29]
80.0
[2, 25, 29]
80.0
[2, 25, 29]
80.0
[2, 25, 29]
80.0
[2, 25, 29]
80.0
[2, 25, 29]
80.0
[2, 25, 29]
80.0
[2, 25, 29]
80.0
[2, 25, 29]
80.0
[2, 25, 29]
80.0
[2, 25, 29]
80.0
[2, 25, 29]
80.0
[2, 25, 29]
80.0
[2, 25, 29]
80.0
[2, 25, 29]
80.0
[2, 25, 29]
80.0
[2, 25, 29]
80.0
[2, 25, 29]
80.0
[2, 25, 29]
80.0
[2, 25, 29]
80.0
[2, 25, 29]
80.0
[2, 25, 29]
80.0
[2, 25, 29]
80.0
[2, 25, 29]
80.0
[2, 25, 29]
80.0
[2, 25, 29]
80.0
[2, 25, 29]
80.0
[2, 25, 29]

--------------------------------------------------------------------------------

usando k=2
if final_grade <= 9: new_line += "1"
elif final_grade <= 20: new_line += "2"

python grade_classifier.py numeric_math_students_data.csv numeric_math_students_data.csv
79.746835443
[0, 14, 29]
80.5063291139
[1, 14, 29]
85.8227848101
[2, 25, 29]
85.8227848101
[2, 25, 29]
85.8227848101
[2, 25, 29]
85.8227848101
[2, 25, 29]
85.8227848101
[2, 25, 29]
85.8227848101
[2, 25, 29]
85.8227848101
[2, 25, 29]
85.8227848101
[2, 25, 29]
85.8227848101
[2, 25, 29]
85.8227848101
[2, 25, 29]
85.8227848101
[2, 25, 29]
85.8227848101
[2, 25, 29]
85.8227848101
[2, 25, 29]
85.8227848101
[2, 25, 29]
85.8227848101
[2, 25, 29]
85.8227848101
[2, 25, 29]
85.8227848101
[2, 25, 29]
85.8227848101
[2, 25, 29]
85.8227848101
[2, 25, 29]
85.8227848101
[2, 25, 29]
85.8227848101
[2, 25, 29]
85.8227848101
[2, 25, 29]
85.8227848101
[2, 25, 29]
85.8227848101
[2, 25, 29]
85.8227848101
[2, 25, 29]
85.8227848101
[2, 25, 29]
85.8227848101
[2, 25, 29]
85.8227848101
[2, 25, 29]
85.8227848101
[2, 25, 29]
