usando k=5
if final_grade <= 9: new_line += "1"
elif final_grade <= 11: new_line += "2"
elif final_grade <= 13: new_line += "3"
elif final_grade <= 15: new_line += "4"
elif final_grade <= 20: new_line += "5"

python grade_classifier.py numeric_math_students_data.csv numeric_math_students_data.csv
86.3291139241
[0, 8, 25, 27, 29]
89.8734177215
[1, 2, 6, 25, 29]
93.9240506329
[2, 7, 25, 28, 29]
93.9240506329
[2, 7, 25, 28, 29]
93.9240506329
[2, 7, 25, 28, 29]
93.9240506329
[2, 7, 25, 28, 29]
93.9240506329
[2, 7, 25, 28, 29]
93.9240506329
[2, 7, 25, 28, 29]
93.9240506329
[2, 7, 25, 28, 29]
93.9240506329
[2, 7, 25, 28, 29]
93.9240506329
[2, 7, 25, 28, 29]
93.9240506329
[2, 7, 25, 28, 29]
93.9240506329
[2, 7, 25, 28, 29]
93.9240506329
[2, 7, 25, 28, 29]
93.9240506329
[2, 7, 25, 28, 29]
93.9240506329
[2, 7, 25, 28, 29]
93.9240506329
[2, 7, 25, 28, 29]
93.9240506329
[2, 7, 25, 28, 29]
93.9240506329
[2, 7, 25, 28, 29]
93.9240506329
[2, 7, 25, 28, 29]
93.9240506329
[2, 7, 25, 28, 29]
93.9240506329
[2, 7, 25, 28, 29]
93.9240506329
[2, 7, 25, 28, 29]
93.9240506329
[2, 7, 25, 28, 29]
93.9240506329
[2, 7, 25, 28, 29]
93.9240506329
[2, 7, 25, 28, 29]
93.9240506329
[2, 7, 25, 28, 29]
93.9240506329
[2, 7, 25, 28, 29]
93.9240506329
[2, 7, 25, 28, 29]
93.9240506329
[2, 7, 25, 28, 29]
93.9240506329
[2, 7, 25, 28, 29]

--------------------------------------------------------------------------------

usando k=2
if final_grade <= 9: new_line += "1"
elif final_grade <= 20: new_line += "2"

python grade_classifier.py numeric_math_students_data.csv numeric_math_students_data.csv
94.4303797468
[0, 2, 7, 28, 29]
96.9620253165
[1, 2, 6, 25, 29]
97.2151898734
[2, 6, 25, 27, 29]
97.2151898734
[2, 6, 25, 27, 29]
97.2151898734
[2, 6, 25, 27, 29]
97.2151898734
[2, 6, 25, 27, 29]
97.2151898734
[2, 6, 25, 27, 29]
97.2151898734
[2, 6, 25, 27, 29]
97.2151898734
[2, 6, 25, 27, 29]
97.2151898734
[2, 6, 25, 27, 29]
97.2151898734
[2, 6, 25, 27, 29]
97.2151898734
[2, 6, 25, 27, 29]
97.2151898734
[2, 6, 25, 27, 29]
97.2151898734
[2, 6, 25, 27, 29]
97.2151898734
[2, 6, 25, 27, 29]
97.2151898734
[2, 6, 25, 27, 29]
97.2151898734
[2, 6, 25, 27, 29]
97.2151898734
[2, 6, 25, 27, 29]
97.2151898734
[2, 6, 25, 27, 29]
97.2151898734
[2, 6, 25, 27, 29]
97.2151898734
[2, 6, 25, 27, 29]
97.2151898734
[2, 6, 25, 27, 29]
97.2151898734
[2, 6, 25, 27, 29]
97.2151898734
[2, 6, 25, 27, 29]
97.2151898734
[2, 6, 25, 27, 29]
97.2151898734
[2, 6, 25, 27, 29]
97.2151898734
[2, 6, 25, 27, 29]
97.2151898734
[2, 6, 25, 27, 29]
97.2151898734
[2, 6, 25, 27, 29]
97.2151898734
[2, 6, 25, 27, 29]
97.2151898734
[2, 6, 25, 27, 29]
