usando k=5
if final_grade <= 9: new_line += "1"
elif final_grade <= 11: new_line += "2"
elif final_grade <= 13: new_line += "3"
elif final_grade <= 15: new_line += "4"
elif final_grade <= 20: new_line += "5"

python grade_classifier.py numeric_math_students_data.csv numeric_math_students_data.csv 
70.3797468354
[0, 8, 27, 29]
75.4430379747
[1, 2, 27, 29]
83.2911392405
[2, 7, 25, 29]
83.2911392405
[2, 7, 25, 29]
83.2911392405
[2, 7, 25, 29]
83.2911392405
[2, 7, 25, 29]
83.2911392405
[2, 7, 25, 29]
83.2911392405
[2, 7, 25, 29]
83.2911392405
[2, 7, 25, 29]
83.2911392405
[2, 7, 25, 29]
83.2911392405
[2, 7, 25, 29]
83.2911392405
[2, 7, 25, 29]
83.2911392405
[2, 7, 25, 29]
83.2911392405
[2, 7, 25, 29]
83.2911392405
[2, 7, 25, 29]
83.2911392405
[2, 7, 25, 29]
83.2911392405
[2, 7, 25, 29]
83.2911392405
[2, 7, 25, 29]
83.2911392405
[2, 7, 25, 29]
83.2911392405
[2, 7, 25, 29]
83.2911392405
[2, 7, 25, 29]
83.2911392405
[2, 7, 25, 29]
83.2911392405
[2, 7, 25, 29]
83.2911392405
[2, 7, 25, 29]
83.2911392405
[2, 7, 25, 29]
83.2911392405
[2, 7, 25, 29]
83.2911392405
[2, 7, 25, 29]
83.2911392405
[2, 7, 25, 29]
83.2911392405
[2, 7, 25, 29]
83.2911392405
[2, 7, 25, 29]
83.2911392405
[2, 7, 25, 29]
--------------------------------------------------------------------------------

usando k=4
if final_grade <= 9: new_line += "1"
elif final_grade <= 13: new_line += "2"
elif final_grade <= 17: new_line += "3"
elif final_grade <= 20: new_line += "4"

python grade_classifier.py numeric_math_students_data.csv numeric_math_students_data.csv
75.9493670886
[0, 2, 25, 29]
81.0126582278
[1, 2, 25, 29]
86.3291139241
[2, 6, 25, 29]
86.3291139241
[2, 6, 25, 29]
86.3291139241
[2, 6, 25, 29]
86.3291139241
[2, 6, 25, 29]
86.3291139241
[2, 6, 25, 29]
86.3291139241
[2, 6, 25, 29]
86.3291139241
[2, 6, 25, 29]
86.3291139241
[2, 6, 25, 29]
86.3291139241
[2, 6, 25, 29]
86.3291139241
[2, 6, 25, 29]
86.3291139241
[2, 6, 25, 29]
86.3291139241
[2, 6, 25, 29]
86.3291139241
[2, 6, 25, 29]
86.3291139241
[2, 6, 25, 29]
86.3291139241
[2, 6, 25, 29]
86.3291139241
[2, 6, 25, 29]
86.3291139241
[2, 6, 25, 29]
86.3291139241
[2, 6, 25, 29]
86.3291139241
[2, 6, 25, 29]
86.3291139241
[2, 6, 25, 29]
86.3291139241
[2, 6, 25, 29]
86.3291139241
[2, 6, 25, 29]
86.3291139241
[2, 6, 25, 29]
86.3291139241
[2, 6, 25, 29]
86.3291139241
[2, 6, 25, 29]
86.3291139241
[2, 6, 25, 29]
86.3291139241
[2, 6, 25, 29]
86.3291139241
[2, 6, 25, 29]
86.3291139241
[2, 6, 25, 29]
--------------------------------------------------------------------------------

usando k=3
if final_grade <= 9: new_line += "1"
elif final_grade <= 15: new_line += "2"
elif final_grade <= 20: new_line += "3"

python grade_classifier.py numeric_math_students_data.csv numeric_math_students_data.csv
81.5189873418
[0, 2, 25, 29]
84.5569620253
[1, 2, 25, 29]
90.1265822785
[2, 7, 28, 29]
90.1265822785
[2, 7, 28, 29]
90.1265822785
[2, 7, 28, 29]
90.1265822785
[2, 7, 28, 29]
90.1265822785
[2, 7, 28, 29]
90.1265822785
[2, 7, 28, 29]
90.1265822785
[2, 7, 28, 29]
90.1265822785
[2, 7, 28, 29]
90.1265822785
[2, 7, 28, 29]
90.1265822785
[2, 7, 28, 29]
90.1265822785
[2, 7, 28, 29]
90.1265822785
[2, 7, 28, 29]
90.1265822785
[2, 7, 28, 29]
90.1265822785
[2, 7, 28, 29]
90.1265822785
[2, 7, 28, 29]
90.1265822785
[2, 7, 28, 29]
90.1265822785
[2, 7, 28, 29]
90.1265822785
[2, 7, 28, 29]
90.1265822785
[2, 7, 28, 29]
90.1265822785
[2, 7, 28, 29]
90.1265822785
[2, 7, 28, 29]
90.1265822785
[2, 7, 28, 29]
90.1265822785
[2, 7, 28, 29]
90.1265822785
[2, 7, 28, 29]
90.1265822785
[2, 7, 28, 29]
90.1265822785
[2, 7, 28, 29]
90.1265822785
[2, 7, 28, 29]
90.1265822785
[2, 7, 28, 29]
90.1265822785
[2, 7, 28, 29]
--------------------------------------------------------------------------------

usando k=2
if final_grade <= 9: new_line += "1"
elif final_grade <= 20: new_line += "2"

python grade_classifier.py numeric_math_students_data.csv numeric_math_students_data.csv
87.5949367089
[0, 2, 25, 29]
89.6202531646
[1, 2, 25, 29]
93.417721519
[2, 7, 28, 29]
93.417721519
[2, 7, 28, 29]
93.417721519
[2, 7, 28, 29]
93.417721519
[2, 7, 28, 29]
93.417721519
[2, 7, 28, 29]
93.417721519
[2, 7, 28, 29]
93.417721519
[2, 7, 28, 29]
93.417721519
[2, 7, 28, 29]
93.417721519
[2, 7, 28, 29]
93.417721519
[2, 7, 28, 29]
93.417721519
[2, 7, 28, 29]
93.417721519
[2, 7, 28, 29]
93.417721519
[2, 7, 28, 29]
93.417721519
[2, 7, 28, 29]
93.417721519
[2, 7, 28, 29]
93.417721519
[2, 7, 28, 29]
93.417721519
[2, 7, 28, 29]
93.417721519
[2, 7, 28, 29]
93.417721519
[2, 7, 28, 29]
93.417721519
[2, 7, 28, 29]
93.417721519
[2, 7, 28, 29]
93.417721519
[2, 7, 28, 29]
93.417721519
[2, 7, 28, 29]
93.417721519
[2, 7, 28, 29]
93.417721519
[2, 7, 28, 29]
93.417721519
[2, 7, 28, 29]
93.417721519
[2, 7, 28, 29]
93.417721519
[2, 7, 28, 29]
93.417721519
[2, 7, 28, 29]
